1.00   1.00   1.00    
1.00   1.00   1.00    
0.70   0.30   0.00    
0.40   1.00   0.33    
0.36   0.63   1.00    
0.50   0.50   0.50    
0.00   0.00   1.00    
1.00   0.00   0.00    
0.70   0.30   0.90    
1.00   1.00   1.00    
0.70   0.30   0.00    
0.40   1.00   0.33    
0.36   0.63   1.00    
0.00   0.20   1.00    
0.00   1.00   0.00    
0.90   0.90   0.00    
0.90   0.90   0.00    
1.00   1.00   1.00    
0.70   0.30   0.00    
0.40   1.00   0.33    
0.90   0.90   0.00    
0.90   0.90   0.00    
0.90   0.90   0.00    
0.90   0.90   0.00    
0.90   0.90   0.00    
0.90   0.90   0.00    
0.90   0.90   0.00    
0.90   0.90   0.00    
0.90   0.90   0.00    
0.90   0.90   0.00    
0.36   0.63   1.00    
0.00   0.20   1.00    
0.70   0.30   0.00    
0.00   0.60   0.00    
0.70   0.30   0.90    
1.00   1.00   1.00    
0.70   0.30   0.00    
0.40   1.00   0.33    
0.00   0.60   0.00    
0.00   0.60   0.00    
0.00   0.60   0.00    
0.00   0.60   0.00    
0.00   0.60   0.00    
0.00   0.60   0.00    
0.00   0.60   0.00    
0.00   0.60   0.00    
0.00   0.60   0.00    
0.00   0.60   0.00    
0.36   0.63   1.00    
0.20   0.20   0.20    
0.70   0.30   0.00    
0.00   0.60   0.00    
0.70   0.30   0.90    
1.00   1.00   1.00    
0.70   0.30   0.00    
0.40   1.00   0.33    
0.90   0.90   0.00    
0.00   0.60   0.00    
0.00   0.60   0.00    
0.00   0.60   0.00    
0.00   0.60   0.00    
0.00   0.60   0.00    
0.00   0.60   0.00    
0.00   0.60   0.00    
0.00   0.60   0.00    
0.00   0.60   0.00    
0.00   0.60   0.00    
0.00   0.60   0.00    
0.00   0.60   0.00    
0.00   0.60   0.00    
0.00   0.60   0.00    
0.90   0.90   0.00    
0.90   0.90   0.00    
0.90   0.90   0.00    
0.90   0.90   0.00    
0.90   0.90   0.00    
0.90   0.90   0.00    
0.90   0.90   0.00    
0.90   0.90   0.00    
0.90   0.90   0.00    
0.36   0.63   1.00    
0.20   0.20   0.20    
0.70   0.30   0.00    
0.00   0.60   0.00    
0.70   0.30   0.90    
1.00   1.00   1.00    
0.70   0.30   0.00    
0.40   1.00   0.33    
0.90   0.90   0.00    
0.70   0.30   0.00    
0.70   0.30   0.00    
0.70   0.30   0.00    
0.70   0.30   0.00    
0.70   0.30   0.00    
0.70   0.30   0.00    
0.70   0.30   0.00    
0.70   0.30   0.00    
0.70   0.30   0.00    
0.70   0.30   0.00    
0.70   0.30   0.00    
0.70   0.30   0.00    
0.70   0.30   0.00    
0.70   0.30   0.00    

